pos = [0  , 100;
       -50, 100;
       50 , 75;
       -50, 25;
       50 , 0;
       0  , 0];
   

xdeslist = pos(:, 1);
ydeslist = pos(:, 2);